Old Method Name,New Method Name
getDataRange,func_576dab3ea7a4480fc3018d3ce00d714aef76ab36949f10923c3b103d486ced25
